{
	"fam_type": [0.399,
	             0.139,
	             0.434,
                 0.028],
	"fam_type_comment": "Family Type Distribution: 0: singlepers, 1: famoneparent, 2: famtwoparent, 3: other",

	"elderly_num": [[0.475, 0.525, 0.000, 0.000],
                    [0.700, 0.284, 0.015, 0.001],
                    [0.640, 0.121, 0.233, 0.006],
                    [0.584, 0.285, 0.128, 0.003]],
	"elderly_num_comment": "Number of Elderly: None 1 2 3+",

	"child_num": [[1.000, 0.000, 0.000, 0.000],
	              [0.000, 0.668, 0.270, 0.062],
                  [0.444, 0.285, 0.206, 0.065],
                  [1.000, 0.000, 0.000, 0.000]],
	"child_num_comment": "Number of Children: None 1 2 3+",	   
			   
    "child_age": [[0.482, 0.067, 0.363, 0.088],
                  [0.534, 0.163, 0.293, 0.010]],
	"child_age_comment": "Age distribution for children",				   
			   
	"single_type": [0.10, 0.90],
	"single_type_comment": "younger single - older single",		
	
    "parent_type": [[0.15, 0.85],
                    [0.13, 0.87],
                    [0.10, 0.90],
                    [0.10, 0.90]],
	"parent_type_comment": "younger parent - older parent",

	"age_distrib": [0.0445825,
					0.042547367,
				    0.042952014,
				   	0.067236742,
					0.091497667,
					0.068593497,
					0.079013139,
					0.081060173,
					0.069551557,
					0.055674569,
					0.057971532,
					0.073032705,
					0.064082881,
					0.053222889,
					0.039673189,
					0.029432067,
					0.022743502,
					0.01713201],
	"age_distrib_comment": "Global Age Distribution: 0-4-9-14-19-24-29-34-39-44-49-54-59-64-69-74-79-84-",

	"wife_age": [[0.65741658, 0.26990420, 0.04195573, 0.01783944, 0.00693756, 0.00462504, 0.00033036, 0.00000000, 0.00000000, 0.00099108],
                 [0.18476429, 0.57443986, 0.16899086, 0.04721276, 0.01702814, 0.00688295, 0.00046603, 0.00003585, 0.00014339, 0.00003585],
                 [0.02109614, 0.26845204, 0.49294531, 0.16066131, 0.04292832, 0.01259201, 0.00112105, 0.00005662, 0.00006794, 0.00007927],
                 [0.00338264, 0.05730295, 0.29349175, 0.47451944, 0.13906724, 0.03021231, 0.00182672, 0.00014279, 0.00001970, 0.00003447],
                 [0.00110760, 0.01552908, 0.08893686, 0.35807603, 0.43822769, 0.09248647, 0.00530741, 0.00029108, 0.00002646, 0.00001134],
                 [0.00034365, 0.00365891, 0.01621015, 0.07259189, 0.25664903, 0.59784598, 0.04917399, 0.00328830, 0.00020215, 0.00003594],
                 [0.00006894, 0.00053689, 0.00200552, 0.00700678, 0.02082189, 0.28400870, 0.63545508, 0.04784626, 0.00214549, 0.00010445],
                 [0.00000256, 0.00010255, 0.00036148, 0.00132544, 0.00342000, 0.02491674, 0.36842119, 0.57369013, 0.02698310, 0.00077681],
                 [0.00001444, 0.00006259, 0.00012037, 0.00026481, 0.00051036, 0.00397211, 0.03143988, 0.46238288, 0.48530077, 0.01593179],
                 [0.00005861, 0.00019047, 0.00038095, 0.00061538, 0.00098167, 0.00230033, 0.00918668, 0.06628474, 0.55990388, 0.36009729]],

	"wife_age_comment": "Wife age to given husband age: -19 20-24 25-29 30-34 35-39 40-49 50-59 60-69 70-79 80-",

	"famoneparent_sex": [[0.04021448, 0.95978552],
						 [0.03740231, 0.96259769],
						 [0.04036388, 0.95963612],
						 [0.04892171, 0.95107829],
						 [0.07009602, 0.92990398],
						 [0.12614200, 0.87385800],
						 [0.18255416, 0.81744584],
						 [0.18014484, 0.81985516],
						 [0.14937302, 0.85062698],
						 [0.14955281, 0.85044719]],

	"famoneparent_sex_comment": "Parent sex to given age: -19 20-24 25-29 30-34 35-39 40-49 50-59 60-69 70-79 80-; father-mother"
}